Information_theory____:0.000000
Entropy_EN:6.874073
Cross_entropy_CE:0.394593
Mutual_information_MI:1.686383
FMI_pixel:0.891766
FMI_dct:0.397863
FMI_w:0.424493
Peak_signal_to_noise_ratio_PSNR:58.373725
Structural_Similarity____:0.000000
MS_Structural_similarity_MSSSIM:1.395432
Root_mean_square_error_Rmse:0.094560
Image_feature____:0.000000
Spaial_frequency_SF:11.429976
Standard_deviation_SD:82.279825
Variance:36.675890
Edge_intensity_EI:49.327893
Avg_gradient_AG:4.714492
Human_perception____:0.000000
VIF:0.709616
Qcb:0.599250
Origin_fused____:0.000000
Gradient_based_similarity_measurement_Qabf:0.479952
Correlation_coefficient_CC:0.844738
Sum_of_correlation_differences_SCD:1.467236
Nabf:0.059331
More____:0.000000
Qcv:405.605912
